1
2
5
10
20
40
80
160
320
640
1280
2561
5123
10247
20494
40988
81977
163954
327909
655819
1311639
2623279
5246559
10493119
20986238
41972476
83944952
167889905
335779810
671559621
1343119243
2686238487
5372476975
10744953950
21489907901
42979815803
85959631606
171919263213
343838526426
687677052853
1375354105706
2750708211412
5501416422824
11002832845649
22005665691298
44011331382596
88022662765192
176045325530384
352090651060768
704181302121537
1408362604243074
2816725208486148
5633450416972297
11266900833944596
22533801667889192
45067603335778384
90135206671556768
180270413343113536
360540826686227072